0.000773
0.000773
0.000644
0.000644
0.000644
0.000644
0.000515
0.000515
0.000515
0.000515
0.000515
0.000515
0.000515
0.000386
0.000515
0.000515
0.000386
0.000386
0.000386
0.000386
0.000386
0.000386
0.000386
0.000386
0.000386
0.000515
0.000258
0.000386
0.000515
0.000386
0.000386
0.000386
0.000515
0.000515
0.000515
0.000386
0.000386
0.000515
0.000386
0.000386
0.000386
0.000515
0.000515
0.000515
0.000515
0.000386
0.000515
0.000386
0.000386
0.000386
0.000386
0.000515
0.000386
0.000258
0.000386
0.000515
0.000515
0.000386
0.000386
0.000386
0.000386
0.000386
0.000386
0.000386
0.000258
0.000386
0.000386
0.000386
0.000386
0.000386
0.000386
0.000386
0.000386
0.000386
0.000386
0.000258
0.000386
0.000386
0.000515
0.000386
0.000386
0.000515
0.000386
0.000386
0.000386
0.000258
0.000386
0.000258
0.000386
0.000386
0.000258
0.000515
0.000386
0.000386
0.000386
0.000386
0.000515
0.000386
0.000515
0.000258
0.000386
0.000386
0.000386
0.000386
0.000386
0.000386
0.000386
0.000386
0.000515
0.000386
0.000386
0.000386
0.000386
0.000258
0.000515
0.000258
0.000386
0.000386
0.000386
0.000386
0.000386
0.000515
0.000386
0.000258
0.000386
0.000386
0.000386
0.000515
0.000386
0.000386
0.000386
0.000386
0.000515
0.000386
0.000258
0.000386
0.000515
0.000386
0.000386
0.000386
0.000386
0.000386
0.000386
0.000386
0.000386
0.000386
0.000386
0.000386
0.000386
0.000386
0.000386
0.000386
0.000386
0.000386
0.000515
0.000515
0.000386
0.000515
0.000515
0.000386
0.000386
0.000386
0.000386
0.000386
0.000386
0.000386
0.000386
0.000515
0.000515
0.000515
0.000386
0.000515
0.000386
0.000386
0.000386
0.000386
0.000515
0.000386
0.000386
0.000386
0.000386
0.000386
0.000386
0.000386
0.000386
0.000386
0.000386
0.000515
0.000386
0.000386
0.000515
0.000386
0.000386
0.000386
0.000386
0.000386
0.000515
0.000515
0.000386
0.000386
0.000386
0.000515
0.000515
0.000386
0.000386
0.000515
0.000515
0.000515
0.000644
0.000515
0.000515
0.000515
0.000386
0.000515
0.000386
0.000515
0.000386
0.000386
0.000515
0.000515
0.000515
0.000515
0.000515
0.000515
0.000515
0.000515
0.000515
0.000386
0.000515
0.000386
0.000386
0.000515
0.000386
0.000515
0.000386
0.000515
0.000386
0.000386
0.000386
0.000386
0.000386
0.000386
0.000515
0.000515
0.000386
0.000386
0.000515
0.000515
0.000386
0.000386
0.000515
0.000515
0.000386
0.000386
0.000386
0.000515
0.000515
0.000515
0.000515
0.000515
0.000386
0.000515
0.000386
0.000515
0.000386
0.000515
0.000515
0.000386
0.000386
0.000515
0.000386
0.000515
0.000515
0.000515
0.000515
0.000386
0.000386
0.000515
0.000515
0.000386
0.000386
0.000386
0.000386
0.000515
0.000386
0.000515
0.000386
0.000386
0.000515
0.000515
0.000258
0.000515
0.000515
0.000386
0.000386
0.000386
0.000515
0.000515
0.000515
0.000386
0.000386
0.000515
0.000515
0.000515
0.000386
0.000386
0.000386
0.000515
0.000386
0.000515
0.000515
0.000386
0.000515
0.000386
0.000386
0.000515
0.000515
0.000386
0.000515
0.000515
0.000386
0.000515
0.000515
0.000386
0.000515
0.000515
0.000386
0.000515
0.000386
0.000386
0.000386
0.000515
0.000515
0.000515
0.000386
0.000515
0.000515
0.000515
0.000386
0.000386
0.000386
0.000258
0.000386
0.000515
0.000386
0.000515
0.000515
0.000515
0.000386
0.000515
0.000386
0.000386
0.000386
0.000515
0.000386
0.000515
0.000386
0.000515
0.000515
0.000386
-0.092449
-0.883541
-0.886245
-0.885344
-0.883026
-0.880193
-0.877490
-0.874786
-0.871824
-0.868991
-0.865772
-0.862940
-0.860107
-0.857017
-0.854184
-0.851351
-0.848390
-0.845429
-0.842338
-0.839634
-0.836931
-0.833840
-0.830879
-0.827917
-0.824956
-0.821995
-0.819162
-0.816072
-0.813110
-0.810278
-0.807316
-0.804483
-0.801651
-0.798689
-0.795728
-0.792766
-0.789805
-0.786843
-0.783882
-0.781049
-0.778088
-0.775255
-0.772165
-0.769204
-0.766371
-0.763538
-0.760577
-0.757615
-0.754783
-0.751821
-0.748731
-0.745898
-0.742808
-0.739975
-0.737014
-0.734052
-0.730962
-0.728258
-0.725426
-0.722593
-0.719631
-0.716541
-0.713580
-0.710618
-0.707786
-0.704824
-0.701734
-0.698901
-0.695811
-0.692850
-0.690146
-0.687313
-0.684352
-0.681390
-0.678429
-0.675467
-0.672506
-0.669673
-0.666454
-0.663622
-0.660789
-0.657827
-0.654866
-0.652162
-0.649201
-0.646239
-0.643278
-0.640445
-0.637484
-0.634393
-0.631561
-0.628599
-0.625638
-0.622676
-0.619715
-0.616882
-0.614049
-0.611088
-0.608127
-0.605036
-0.602075
-0.599242
-0.596281
-0.593319
-0.590487
-0.587397
-0.584306
-0.581474
-0.578898
-0.575937
-0.572976
-0.570014
-0.567053
-0.564091
-0.561130
-0.558297
-0.555336
-0.552245
-0.549413
-0.546451
-0.543490
-0.540786
-0.537696
-0.534734
-0.531902
-0.528811
-0.525979
-0.523017
-0.520056
-0.517094
-0.514262
-0.511300
-0.508210
-0.505249
-0.502416
-0.499583
-0.496750
-0.493660
-0.490699
-0.487995
-0.484905
-0.482072
-0.479111
-0.476149
-0.473059
-0.470226
-0.467265
-0.464432
-0.461599
-0.458509
-0.455548
-0.452586
-0.449754
-0.446921
-0.443959
-0.440998
-0.438165
-0.435204
-0.432114
-0.429539
-0.426448
-0.423358
-0.420397
-0.417564
-0.414603
-0.411512
-0.408808
-0.405976
-0.402885
-0.400053
-0.397091
-0.394130
-0.391297
-0.388336
-0.385374
-0.382542
-0.379709
-0.376619
-0.373657
-0.370696
-0.367734
-0.364902
-0.361812
-0.358979
-0.356146
-0.353185
-0.350223
-0.347133
-0.344172
-0.341339
-0.338377
-0.335545
-0.332583
-0.329751
-0.326789
-0.323828
-0.320866
-0.318034
-0.315072
-0.312111
-0.309278
-0.306317
-0.303226
-0.300136
-0.297561
-0.294471
-0.291381
-0.288677
-0.285586
-0.282754
-0.279921
-0.276960
-0.273869
-0.270908
-0.268075
-0.265114
-0.262152
-0.259320
-0.256358
-0.253397
-0.250435
-0.247603
-0.244770
-0.241809
-0.238847
-0.235757
-0.232924
-0.230092
-0.227130
-0.224169
-0.221078
-0.218246
-0.215413
-0.212323
-0.209490
-0.206657
-0.203696
-0.200606
-0.197773
-0.194812
-0.191850
-0.189018
-0.186056
-0.183095
-0.180004
-0.177172
-0.174339
-0.171378
-0.168545
-0.165583
-0.162622
-0.159661
-0.156828
-0.153866
-0.150905
-0.148072
-0.144982
-0.142021
-0.139059
-0.136227
-0.133394
-0.130432
-0.127342
-0.124510
-0.121548
-0.118715
-0.115625
-0.112792
-0.109831
-0.106870
-0.103779
-0.100947
-0.098114
-0.095153
-0.092191
-0.089358
-0.086397
-0.083564
-0.080603
-0.077641
-0.074809
-0.071719
-0.068886
-0.066053
-0.062963
-0.060001
-0.057298
-0.054079
-0.051117
-0.048284
-0.045323
-0.042362
-0.039529
-0.036567
-0.033735
-0.030645
-0.027812
-0.024850
-0.021889
-0.018928
-0.016095
-0.013005
-0.010172
-0.007339
-0.004378
-0.001545
0.001416
0.004507
0.007339
0.010429
0.013262
0.016224
0.019314
0.022018
0.024979
0.028069
0.031031
0.033863
0.036696
0.039786
0.042619
0.045452
0.048413
0.051503
0.054336
0.057169
0.060259
0.063220
0.066182
0.069015
0.071847
0.074680
0.077641
0.080732
0.083564
0.086397
0.089358
0.092320
0.095153
0.098114
0.101204
0.104166
0.107127
0.109960
0.112921
0.115754
0.118715
0.121548
0.124638
0.127471
0.130432
0.133394
0.136355
0.139317
0.142149
0.144982
0.147944
0.150905
0.153866
0.156699
0.159661
0.162622
0.165712
0.168545
0.171506
0.174597
0.177429
0.180391
0.183352
0.186185
0.189146
0.192108
0.195069
0.197773
0.200863
0.203825
0.206657
0.209619
0.212709
0.215542
0.218503
0.221465
0.224297
0.227130
0.230092
0.232924
0.235886
0.238976
0.241937
0.244899
0.247731
0.250693
0.253783
0.256616
0.259448
0.262410
0.265500
0.268333
0.271165
0.274384
0.277088
0.280050
0.283011
0.285973
0.288805
0.291896
0.294728
0.297819
0.300780
0.303613
0.306445
0.309407
0.312368
0.315330
0.318291
0.321124
0.324085
0.326918
0.329879
0.332841
0.335802
0.338635
0.341468
0.344429
0.347391
0.350352
0.353313
0.356275
0.359365
0.362198
0.365159
0.367992
0.370953
0.373786
0.376876
0.379709
0.382542
0.385632
0.388722
0.391555
0.394387
0.397220
0.400182
0.403272
0.406104
0.409066
0.412027
0.414860
0.417693
0.420654
0.423744
0.426706
0.429796
0.432629
0.435461
0.438423
0.441384
0.444346
0.447178
0.450011
0.452973
0.455805
0.458895
0.461857
0.464690
0.467651
0.470484
0.473445
0.476407
0.479368
0.482072
0.485033
0.487866
0.490828
0.493789
0.496879
0.499841
0.502673
0.505506
0.508596
0.511558
0.514519
0.517223
0.520313
0.523146
0.526107
0.529069
0.532030
0.535121
0.538082
0.540915
0.543747
0.546709
0.549670
0.552503
0.555464
0.558297
0.561258
0.564220
0.567053
0.570143
0.573104
0.575937
0.579027
0.581860
0.584821
0.587783
0.590615
0.593706
0.596538
0.599371
0.602332
0.605294
0.608255
0.611217
0.614307
0.617140
0.620101
0.622934
0.626024
0.628857
0.631689
0.634780
0.637355
0.640316
0.643278
0.646368
0.649329
0.652162
0.655252
0.658085
0.660918
0.664008
0.666840
0.669802
0.672763
0.675467
0.678429
0.681648
0.684480
0.687442
0.690532
0.693365
0.696197
0.699030
0.702120
0.704953
0.707786
0.710747
0.713580
0.716541
0.719631
0.722593
0.725683
0.728516
0.731349
0.734439
0.737271
0.740233
0.743066
0.745898
0.748860
0.751950
0.754911
0.757873
0.760834
0.763924
0.766757
0.769461
0.772423
0.775384
0.778345
0.781178
0.784011
0.787101
0.789805
0.793024
0.795857
0.798689
0.801651
0.804612
0.807574
0.810535
0.813368
0.816329
0.819291
0.822123
0.824827
0.828046
0.831136
0.833969
0.836931
0.840021
0.842853
0.845815
0.848648
0.851480
0.854571
0.857403
0.860365
0.863069
0.866288
0.869378
0.872210
0.875043
0.877876
0.881095
0.883927
0.886760
0.889850
0.892812
0.895001
0.894872
0.894743
0.895258
0.895129
0.895258
0.895129
0.895129
0.895129
0.895129
0.895001
0.895001
0.895001
0.895001
0.894872
0.895001
0.895129
0.895258
0.895129
0.895258
0.895129
0.895001
0.895129
0.895129
0.895129
0.895129
0.895001
0.895001
0.895001
0.895129
0.895258
0.895129
0.895001
0.895129
0.895001
0.895129
0.895129
0.895001
0.895129
0.894872
0.894614
0.895258
0.895258
0.895129
0.895129
0.895129
0.895129
0.895258
0.895129
0.895001
0.895129
0.895001
0.894872
0.895001
0.895258
0.895258
0.895258
0.895129
0.895258
0.895129
0.895129
0.895129
0.895001
0.895129
0.895129
0.895001
0.895258
0.895129
0.895258
0.895258
0.895129
0.895129
0.895129
0.895129
0.895129
0.895129
0.895001
0.895001
0.894872
0.895258
0.895258
0.895129
0.895387
0.895258
0.895129
0.895129
0.895129
0.895129
0.895001
0.895001
0.895001
0.895129
0.895258
0.895258
0.895129
0.895258
0.895129
0.895129
0.895129
0.895001
0.895001
0.895001
0.894872
0.894872
0.895258
0.895129
0.895258
0.895129
0.895129
0.895129
0.895129
0.895129
0.895129
0.895001
0.895001
0.895001
0.895001
0.895129
0.895258
0.895129
0.895129
0.895129
0.895001
0.895129
0.895129
0.895129
0.895001
0.895001
0.895001
0.895129
0.895129
0.895129
0.895129
0.895129
0.895258
0.895001
0.895129
0.895129
0.895001
0.895129
0.894872
0.894614
0.895001
0.895129
0.895129
0.895129
0.895129
0.895129
0.895001
0.895129
0.895129
0.895001
0.895001
0.894872
0.894872
0.895258
0.895129
0.895129
0.895129
0.895129
0.895129
0.895129
0.895129
0.895001
0.895129
0.895129
0.894872
0.895129
0.895129
0.895387
0.895129
0.895129
0.895129
0.895129
0.895129
0.895129
0.895001
0.895129
0.895129
0.894743
0.895258
0.895258
0.895129
0.895129
0.895129
0.895129
0.895129
0.895001
0.895001
0.894872
0.894743
0.895001
0.895129
0.895129
0.895129
0.895001
0.895001
0.895129
0.895129
0.895001
0.895001
0.895001
0.895001
0.895001
0.894872
0.895258
0.895129
0.895258
0.895129
0.895129
0.895129
0.895129
0.895001
0.895001
0.895001
0.895001
0.894872
0.895001
0.895258
0.895129
0.895129
0.895258
0.895129
0.895258
0.895129
0.895001
0.895001
0.895001
0.895001
0.895001
0.895001
0.895001
0.895129
0.895129
0.895129
0.895129
0.895129
0.895129
0.895001
0.895001
0.895001
0.895001
0.894872
0.895129
0.506021
0.008756
0.003476
0.001803
0.001159
0.000773
0.000773
0.000901
0.000644
0.000515
0.000515
0.000515
0.000644
0.000644
0.000515
0.000644
0.000515
0.000515
0.000515
0.000386
0.000515
0.000515
0.000515
0.000386
0.000515
0.000515
0.000386
0.000386
0.000386
0.000386
0.000386
0.000386
0.000386
0.000386
0.000515
0.000386
0.000386
0.000258
0.000386
0.000386
0.000386
0.000386
0.000386
0.000515
0.000386
0.000386
0.000386
0.000386
0.000515
0.000386
0.000515
0.000386
0.000386
0.000386
0.000515
0.000258
0.000386
0.000386
0.000386
0.000386
0.000258
0.000386
0.000386
0.000386
0.000258
0.000258
0.000386
0.000386
0.000386
0.000386
0.000386
0.000386
0.000386
0.000386
0.000258
0.000386
0.000386
0.000386
0.000386
0.000386
0.000386
0.000386
0.000386
0.000258
0.000386
0.000386
0.000386
0.000386
0.000258
0.000386
0.000386
0.000515
0.000258
0.000386
0.000515
0.000386
0.000258
0.000515
0.000386
0.000515
0.000386
0.000386
0.000386
0.000386
0.000386
0.000515
0.000258
0.000386
0.000386
0.000258
0.000386
0.000386
0.000515
0.000386
0.000386
0.000258
0.000515
0.000386
0.000386
0.000386
0.000386
0.000386
0.000386
0.000386
0.000386
0.000386
0.000386
0.000386
0.000386
0.000386
0.000515
0.000386
0.000386
0.000386
0.000515
0.000386
0.000258
0.000386
0.000386
0.000386
0.000386
0.000386
0.000386
0.000515
0.000515
0.000386
0.000386
0.000386
0.000386
0.000386
0.000386
0.000386
0.000386
0.000386
0.000515
0.000386
0.000386
0.000515
0.000515
0.000386
0.000386
0.000386
0.000386
0.000386
0.000386
0.000386
0.000386
0.000386
0.000386
0.000386
0.000386
0.000515
0.000386
0.000386
0.000386
0.000258
0.000515
0.000386
0.000386
0.000386
0.000386
0.000515
0.000515
0.000386
0.000386
0.000386
0.000515
0.000386
0.000386
0.000386
0.000386
0.000386
0.000515
0.000386
0.000386
0.000515
0.000386
0.000386
0.000386
0.000515
0.000386
0.000386
0.000386
0.000386
0.000515
0.000515
0.000386
0.000515
0.000515
0.000386
0.000515
0.000386
0.000386
0.000515
0.000515
0.000386
0.000386
0.000515
0.000386
0.000386
0.000515
0.000515
0.000515
0.000515
0.000386
0.000386
0.000515
0.000386
0.000386
0.000386
0.000386
0.000386
0.000386
0.000386
0.000386
0.000386
0.000386
0.000386
0.000386
0.000386
0.000515
0.000258
0.000386
0.000386
0.000515
0.000386
0.000386
0.000386
0.000386
0.000515
0.000515
0.000386
0.000386
0.000258
0.000386
0.000386
0.000386
0.000386
0.000386
0.000386
0.000386
0.000386
0.000386
0.000386
0.000386
0.000386
0.000386
0.000386
0.000386
0.000386
0.000386
0.000386
0.000386
0.000386
0.000386
0.000386
0.000386
0.000258
0.000386
0.000386
0.000386
0.000515
0.000386
0.000386
0.000386
0.000386
0.000386
0.000386
0.000386
0.000386
0.000515
0.000258
0.000386
0.000386
0.000515
0.000386
0.000386
0.000386
0.000386
0.000386
0.000386
0.000386
0.000386
0.000386
0.000386
0.000386
0.000386
0.000386
0.000515
0.000515
0.000258
0.000386
0.000386
0.000386
0.000386
0.000386
0.000386
0.000386
0.000515
0.000515
0.000386
0.000386
0.000386
0.000515
0.000386
0.000386
0.000386
0.000386
0.000258
0.000258
0.000386
0.000515
0.000515
0.000386
0.000386
0.000515
0.000515
0.000386
0.000386
0.000386
0.000386
0.000258
0.000515
0.000386
0.000386
0.000515
0.000386
0.000386
0.000386
0.000386
0.000386
0.000386
0.000386
0.000515
0.000386
0.000515
0.000386
0.000386
0.000515
0.000386
0.000515
0.000386
0.000386
0.000515
0.000386
0.000386
-0.344815
-0.885086
-0.886374
-0.884829
-0.882382
-0.879678
-0.876588
-0.873884
-0.870923
-0.867961
-0.865000
-0.862038
-0.859206
-0.856502
-0.853412
-0.850450
-0.847746
-0.844656
-0.841695
-0.838733
-0.835772
-0.832939
-0.829978
-0.827016
-0.823926
-0.821222
-0.818518
-0.815299
-0.812338
-0.809634
-0.806544
-0.803711
-0.800749
-0.797659
-0.794827
-0.791994
-0.789032
-0.785942
-0.783109
-0.780277
-0.777315
-0.774483
-0.771392
-0.768431
-0.765470
-0.762379
-0.759675
-0.756714
-0.753753
-0.750662
-0.747701
-0.744868
-0.741907
-0.739203
-0.736241
-0.733280
-0.730318
-0.727357
-0.724524
-0.721563
-0.718601
-0.715640
-0.712679
-0.709846
-0.707013
-0.704052
-0.701090
-0.698129
-0.695039
-0.692077
-0.689245
-0.686412
-0.683322
-0.680489
-0.677527
-0.674566
-0.671862
-0.668901
-0.665939
-0.662849
-0.660016
-0.657055
-0.654222
-0.651261
-0.648299
-0.645338
-0.642376
-0.639286
-0.636582
-0.633621
-0.630788
-0.627698
-0.624865
-0.621904
-0.618942
-0.615981
-0.613148
-0.610058
-0.607097
-0.604264
-0.601174
-0.598470
-0.595637
-0.592547
-0.589585
-0.586753
-0.583791
-0.580830
-0.577997
-0.574907
-0.572074
-0.569113
-0.566023
-0.563319
-0.560486
-0.557396
-0.554563
-0.551602
-0.548640
-0.545679
-0.542717
-0.539756
-0.536923
-0.534090
-0.531000
-0.528039
-0.525077
-0.522245
-0.519412
-0.516322
-0.513360
-0.510399
-0.507566
-0.504476
-0.501643
-0.498682
-0.495720
-0.492888
-0.489926
-0.487094
-0.484132
-0.481171
-0.478338
-0.475248
-0.472286
-0.469582
-0.466492
-0.463402
-0.460569
-0.457608
-0.454646
-0.451685
-0.448981
-0.446148
-0.443187
-0.440225
-0.437135
-0.434303
-0.431341
-0.428508
-0.425547
-0.422457
-0.419753
-0.416663
-0.413959
-0.410869
-0.407907
-0.405074
-0.402113
-0.399280
-0.396190
-0.393229
-0.390396
-0.387434
-0.384473
-0.381512
-0.378679
-0.375846
-0.372756
-0.369795
-0.366962
-0.363872
-0.361039
-0.358206
-0.355245
-0.352026
-0.349193
-0.346361
-0.343270
-0.340438
-0.337734
-0.334643
-0.331682
-0.328849
-0.326017
-0.322798
-0.319965
-0.317132
-0.314171
-0.311338
-0.308248
-0.305287
-0.302454
-0.299492
-0.296531
-0.293698
-0.290866
-0.287647
-0.284814
-0.281852
-0.278891
-0.276058
-0.273097
-0.270135
-0.267174
-0.264213
-0.261380
-0.258418
-0.255457
-0.252624
-0.249663
-0.246701
-0.243997
-0.241036
-0.237817
-0.234984
-0.232023
-0.229190
-0.226358
-0.223267
-0.220306
-0.217473
-0.214383
-0.211550
-0.208718
-0.205627
-0.202795
-0.199833
-0.197001
-0.193910
-0.191078
-0.188245
-0.185155
-0.182322
-0.179489
-0.176399
-0.173567
-0.170605
-0.167644
-0.164811
-0.161721
-0.158888
-0.155927
-0.152965
-0.150004
-0.147300
-0.144210
-0.141119
-0.138158
-0.135325
-0.132493
-0.129402
-0.126441
-0.123737
-0.120647
-0.117814
-0.114981
-0.111891
-0.108930
-0.106097
-0.103007
-0.100045
-0.097213
-0.094380
-0.091419
-0.088457
-0.085496
-0.082663
-0.079702
-0.076869
-0.073779
-0.070817
-0.067985
-0.065023
-0.062062
-0.059100
-0.056267
-0.053306
-0.050473
-0.047512
-0.044550
-0.041589
-0.038756
-0.035795
-0.032576
-0.029743
-0.026911
-0.023820
-0.020988
-0.018155
-0.015322
-0.012361
-0.009528
-0.006438
-0.003605
-0.000515
0.002189
0.005150
0.008369
0.011073
0.013906
0.016996
0.020086
0.022790
0.025752
0.028713
0.031803
0.034636
0.037597
0.040559
0.043392
0.046353
0.049315
0.052147
0.054980
0.058070
0.061032
0.063864
0.066826
0.069787
0.072749
0.075710
0.078543
0.081504
0.084466
0.087427
0.090260
0.093221
0.096054
0.099144
0.101977
0.104938
0.107900
0.110861
0.113823
0.116655
0.119617
0.122449
0.125540
0.128501
0.131462
0.134295
0.137257
0.140218
0.143051
0.146141
0.148974
0.151935
0.154897
0.157729
0.160691
0.163523
0.166485
0.169446
0.172279
0.175240
0.178331
0.181163
0.184253
0.187086
0.190048
0.192880
0.195971
0.198803
0.201636
0.204597
0.207816
0.210391
0.213224
0.216314
0.219405
0.222237
0.225199
0.228031
0.230993
0.234083
0.236787
0.239748
0.242710
0.245543
0.248633
0.251465
0.254556
0.257517
0.260350
0.263440
0.266273
0.269105
0.272067
0.275028
0.277990
0.280822
0.283784
0.286745
0.289707
0.292668
0.295630
0.298591
0.301553
0.304385
0.307218
0.310308
0.313141
0.315973
0.319064
0.321896
0.324729
0.327691
0.330781
0.333613
0.336575
0.339665
0.342498
0.345459
0.348421
0.351253
0.354215
0.357176
0.360009
0.362713
0.365932
0.368893
0.371855
0.374816
0.377649
0.380610
0.383572
0.386276
0.389366
0.392199
0.395289
0.397993
0.401083
0.404044
0.407006
0.409838
0.412800
0.415761
0.418723
0.421684
0.424517
0.427478
0.430311
0.433273
0.436234
0.439324
0.442157
0.445118
0.447951
0.450912
0.454003
0.456707
0.459797
0.462629
0.465591
0.468424
0.471128
0.474218
0.477179
0.480141
0.482973
0.486064
0.488896
0.491858
0.494819
0.497652
0.500613
0.503446
0.506407
0.509240
0.512330
0.515292
0.518253
0.520957
0.523919
0.527009
0.529970
0.532932
0.535893
0.538726
0.541687
0.544520
0.547224
0.550443
0.553404
0.556237
0.559198
0.562031
0.565121
0.568211
0.570915
0.573877
0.576710
0.579800
0.582761
0.585594
0.588555
0.591517
0.594349
0.597568
0.600401
0.603105
0.606195
0.609157
0.611989
0.614951
0.617912
0.620745
0.623835
0.626797
0.629629
0.632462
0.635681
0.638514
0.641346
0.644179
0.647140
0.650102
0.653063
0.655767
0.658729
0.661948
0.664909
0.667871
0.670703
0.673665
0.676497
0.679459
0.682292
0.685253
0.688214
0.691047
0.694009
0.696712
0.700060
0.703022
0.705854
0.708816
0.711648
0.714610
0.717571
0.720404
0.723494
0.726198
0.729160
0.731992
0.735083
0.738173
0.741263
0.744096
0.746928
0.750019
0.752722
0.755813
0.758774
0.761607
0.764440
0.767401
0.770362
0.773324
0.776285
0.779247
0.782208
0.785041
0.788002
0.790964
0.793925
0.796758
0.799591
0.802423
0.805385
0.808475
0.811436
0.814398
0.817359
0.820321
0.823282
0.826115
0.829076
0.831909
0.834742
0.837703
0.840665
0.843368
0.846459
0.849549
0.852510
0.855472
0.858305
0.861137
0.864099
0.867189
0.870022
0.872854
0.875816
0.878648
0.881481
0.884829
0.887790
0.890752
0.893584
0.895129
0.895001
0.895129
0.895129
0.895129
0.895001
0.895001
0.894872
0.895001
0.895258
0.895258
0.895258
0.895129
0.895129
0.895001
0.895258
0.895129
0.895129
0.895001
0.895001
0.895001
0.895129
0.895258
0.895129
0.895258
0.895129
0.895258
0.895001
0.895129
0.895129
0.895001
0.895001
0.895001
0.895001
0.895258
0.895258
0.895129
0.895129
0.895258
0.895129
0.895129
0.895129
0.895001
0.895001
0.895001
0.894743
0.894743
0.895129
0.895258
0.895129
0.895129
0.895129
0.895258
0.895001
0.895129
0.895001
0.895129
0.895001
0.894872
0.895129
0.895001
0.895129
0.895129
0.895129
0.895129
0.895129
0.895129
0.895129
0.895001
0.895001
0.895129
0.895001
0.895258
0.895129
0.895129
0.895258
0.895129
0.895129
0.895129
0.895001
0.895129
0.895129
0.895001
0.894743
0.895001
0.895258
0.895258
0.895001
0.895129
0.895129
0.895129
0.895001
0.895001
0.895001
0.895001
0.895001
0.894872
0.895129
0.895258
0.895129
0.895258
0.895258
0.895129
0.895129
0.895001
0.895001
0.895001
0.895001
0.895001
0.895001
0.895258
0.895129
0.895258
0.895258
0.895129
0.895129
0.895129
0.895129
0.895001
0.895129
0.895129
0.895001
0.895129
0.895258
0.895387
0.895129
0.895258
0.895258
0.895001
0.895129
0.895258
0.895129
0.895129
0.894872
0.894872
0.895258
0.895258
0.895129
0.895129
0.895129
0.895129
0.895129
0.895129
0.895129
0.895129
0.895001
0.895001
0.894872
0.895258
0.895129
0.895129
0.895258
0.895258
0.895129
0.895129
0.895001
0.895001
0.895129
0.895001
0.894872
0.895001
0.895129
0.895129
0.895129
0.895129
0.895129
0.895129
0.895001
0.895129
0.895129
0.895129
0.895001
0.894872
0.895129
0.895129
0.895129
0.895258
0.895001
0.895129
0.895129
0.895129
0.895129
0.895001
0.895001
0.895001
0.895001
0.895129
0.895258
0.895129
0.895258
0.895129
0.895129
0.895001
0.895129
0.895129
0.895001
0.895001
0.894872
0.895129
0.895258
0.895258
0.895001
0.895258
0.895129
0.895129
0.895129
0.895258
0.895129
0.895129
0.895001
0.894872
0.895129
0.895129
0.895001
0.895129
0.895258
0.895129
0.895129
0.895129
0.895129
0.895129
0.895001
0.895001
0.895001
0.895387
0.895387
0.895129
0.895129
0.895258
0.895129
0.895129
0.895258
0.895129
0.895001
0.895001
0.894872
0.895129
0.895129
0.895129
0.895258
0.895129
0.895129
0.895258
0.895129
0.253397
0.006695
0.002704
0.001416
0.000901
0.000773
0.000644
0.000515
0.000644
0.000644
0.000515
0.000644
0.000515
0.000515
0.000515
0.000515
0.000515
0.000386
0.000386
0.000386
0.000386
0.000386
0.000515
0.000515
0.000515
0.000515
0.000386
0.000386
0.000386
0.000258
0.000386
0.000386
0.000386
0.000515
0.000386
0.000515
0.000386
0.000386
0.000515
0.000386
0.000386
0.000386
0.000386
0.000386
0.000515
0.000386
0.000515
0.000386
0.000386
0.000386
0.000386
0.000386
0.000386
0.000386
0.000386
0.000386
0.000386
0.000386
0.000386
0.000515
0.000386
0.000515
0.000386
0.000386
0.000386
0.000386
0.000258
0.000386
0.000386
0.000386
0.000515
0.000515
0.000515
0.000515
0.000386
0.000386
0.000515
0.000386
0.000515
0.000386
0.000386
0.000386
0.000515
0.000386
0.000386
0.000386
0.000515
0.000515
0.000386
0.000386
0.000386
0.000515
0.000386
0.000386
0.000386
0.000515
0.000386
0.000386
0.000386
0.000515
0.000515
0.000386
0.000386
0.000386
0.000386
0.000386
0.000258
0.000386
0.000386
0.000386
0.000386
0.000515
0.000386
0.000386
0.000386
0.000386
0.000258
0.000515
0.000386
0.000386
0.000515
0.000386
0.000386
0.000386
0.000386
0.000386
0.000386
0.000386
0.000515
0.000386
0.000386
0.000386
0.000515
0.000386
0.000386
0.000386
0.000386
0.000386
0.000515
0.000515
0.000386
0.000515
0.000386
0.000386
0.000258
0.000515
0.000515
0.000515
0.000386
0.000386
0.000515
0.000386
0.000515
0.000386
0.000386
0.000515
0.000386
0.000386
0.000386
0.000515
0.000515
0.000386
0.000515
0.000386
0.000258
0.000386
0.000386
0.000386
0.000386
0.000515
0.000386
0.000386
0.000515
0.000515
0.000515
0.000386
0.000386
0.000515
0.000386
0.000386
0.000386
0.000515
0.000386
0.000386
0.000386
0.000386
0.000515
0.000515
0.000386
0.000386
0.000515
0.000515
0.000386
0.000386
0.000386
0.000386
0.000515
0.000515
0.000515
0.000386
0.000515
0.000515
0.000386
0.000386
0.000515
0.000386
0.000386
0.000386
0.000386
0.000386
0.000386
0.000386
0.000386
0.000386
0.000515
0.000386
0.000386
0.000386
0.000386
0.000515
0.000386
0.000386
0.000515
0.000515
0.000515
0.000515
0.000515
0.000386
0.000515
0.000386
0.000258
0.000386
0.000515
0.000386
0.000386
0.000515
0.000515
0.000515
0.000515
0.000386
0.000515
0.000386
0.000515
0.000386
0.000386
0.000386
0.000515
0.000515
0.000386
0.000386
0.000515
0.000386
0.000258
0.000515
0.000386
0.000386
0.000515
0.000386
0.000386
0.000386
0.000515
0.000515
0.000386
0.000386
0.000386
0.000386
0.000386
0.000515
0.000386
0.000386
0.000258
0.000386
0.000386
0.000386
0.000515
0.000386
0.000386
0.000386
0.000515
0.000258
0.000386
0.000515
0.000515
0.000386
0.000386
0.000386
0.000515
0.000386
0.000386
0.000515
0.000515
0.000386
0.000386
0.000386
0.000386
0.000386
0.000515
0.000515
0.000515
0.000386
0.000386
0.000515
0.000386
0.000386
0.000386
0.000515
0.000515
0.000386
0.000386
0.000386
0.000386
0.000386
0.000386
0.000386
0.000515
0.000515
0.000515
0.000386
0.000386
0.000258
0.000386
0.000386
0.000386
0.000515
0.000386
0.000386
0.000515
0.000386
0.000386
0.000515
0.000386
0.000386
0.000515
0.000386
0.000386
0.000515
0.000515
0.000515
0.000515
0.000386
0.000386
0.000515
0.000386
0.000515
0.000386
0.000386
0.000515
0.000515
0.000386
0.000386
0.000515
0.000515
0.000515
0.000386
0.000386
0.000386
0.000515
0.000515
0.000386
0.000386
0.000386
0.000386
0.000515
0.000386
0.000386
0.000386
-0.597697
-0.885730
-0.885859
-0.884185
-0.881610
-0.878777
-0.876073
-0.873112
-0.870150
-0.867189
-0.864485
-0.861266
-0.858562
-0.855472
-0.852510
-0.849678
-0.846716
-0.843626
-0.840793
-0.838089
-0.835128
-0.832166
-0.829334
-0.826115
-0.823282
-0.820321
-0.817359
-0.814527
-0.811565
-0.808604
-0.805514
-0.802938
-0.799977
-0.797144
-0.794054
-0.791093
-0.788131
-0.785170
-0.782208
-0.779375
-0.776285
-0.773453
-0.770491
-0.767658
-0.764697
-0.761736
-0.759032
-0.755941
-0.752980
-0.750147
-0.746800
-0.744096
-0.741134
-0.738173
-0.735340
-0.732379
-0.729546
-0.726713
-0.723752
-0.720919
-0.717958
-0.714867
-0.711906
-0.709073
-0.706112
-0.703150
-0.700189
-0.697099
-0.694266
-0.691562
-0.688472
-0.685639
-0.682678
-0.679716
-0.676755
-0.673793
-0.670703
-0.667871
-0.665038
-0.661948
-0.658986
-0.656154
-0.653450
-0.650617
-0.647527
-0.644565
-0.641733
-0.638771
-0.635810
-0.632848
-0.629887
-0.627054
-0.623964
-0.620874
-0.618170
-0.615208
-0.612376
-0.609414
-0.606324
-0.603491
-0.600659
-0.597697
-0.594736
-0.591774
-0.588684
-0.585723
-0.582890
-0.580057
-0.577096
-0.574134
-0.571302
-0.568211
-0.565379
-0.562417
-0.559585
-0.556623
-0.553662
-0.550700
-0.547610
-0.544777
-0.541945
-0.538983
-0.536022
-0.533189
-0.530228
-0.527266
-0.524305
-0.521343
-0.518382
-0.515420
-0.512459
-0.509626
-0.506665
-0.503832
-0.500871
-0.497909
-0.495077
-0.492244
-0.489154
-0.486192
-0.483360
-0.480398
-0.477565
-0.474475
-0.471514
-0.468810
-0.465720
-0.462758
-0.459797
-0.456835
-0.454131
-0.451041
-0.448080
-0.445247
-0.442286
-0.439453
-0.436491
-0.433659
-0.430569
-0.427865
-0.424774
-0.421942
-0.418852
-0.415890
-0.413057
-0.410096
-0.407135
-0.404302
-0.401340
-0.398508
-0.395418
-0.392456
-0.389623
-0.386791
-0.383700
-0.380739
-0.377778
-0.374816
-0.371983
-0.369151
-0.366189
-0.362970
-0.360138
-0.357305
-0.354344
-0.351382
-0.348549
-0.345459
-0.342626
-0.339665
-0.336832
-0.333871
-0.330909
-0.327948
-0.325115
-0.322154
-0.319321
-0.316360
-0.313398
-0.310566
-0.307475
-0.304514
-0.301553
-0.298591
-0.295758
-0.292797
-0.289964
-0.286874
-0.284041
-0.281080
-0.278247
-0.275286
-0.272324
-0.269234
-0.266401
-0.263569
-0.260607
-0.257646
-0.254813
-0.251723
-0.248890
-0.245929
-0.243096
-0.240135
-0.237173
-0.234212
-0.231250
-0.228418
-0.225456
-0.222495
-0.219533
-0.216701
-0.213739
-0.210907
-0.207945
-0.204855
-0.201893
-0.199189
-0.196228
-0.193138
-0.190176
-0.187344
-0.184511
-0.181421
-0.178459
-0.175498
-0.172665
-0.169704
-0.166871
-0.163910
-0.160948
-0.157987
-0.155154
-0.152193
-0.149360
-0.146270
-0.143437
-0.140347
-0.137514
-0.134681
-0.131591
-0.128630
-0.125797
-0.122707
-0.119874
-0.117042
-0.113951
-0.111119
-0.108028
-0.105196
-0.102363
-0.099273
-0.096311
-0.093607
-0.090517
-0.087685
-0.084852
-0.081762
-0.078800
-0.075968
-0.073006
-0.070045
-0.067083
-0.064379
-0.061418
-0.058456
-0.055495
-0.052405
-0.049443
-0.046482
-0.043649
-0.040688
-0.037726
-0.034765
-0.031932
-0.028842
-0.026138
-0.023048
-0.020215
-0.017254
-0.014292
-0.011460
-0.008627
-0.005537
-0.002704
0.000258
0.003090
0.006052
0.009013
0.011975
0.014807
0.017897
0.020730
0.023820
0.026782
0.029614
0.032576
0.035537
0.038370
0.041331
0.044164
0.047126
0.050216
0.053177
0.056010
0.058971
0.061804
0.064766
0.067727
0.070560
0.073521
0.076611
0.079315
0.082277
0.085238
0.088071
0.091161
0.094122
0.096826
0.099917
0.102878
0.105840
0.108672
0.111634
0.114595
0.117428
0.120389
0.123479
0.126312
0.129274
0.132235
0.135196
0.138158
0.140991
0.143823
0.146785
0.149746
0.152579
0.155669
0.158502
0.161334
0.164296
0.167386
0.170476
0.173180
0.176013
0.179103
0.181936
0.185026
0.187730
0.190691
0.193653
0.196614
0.199576
0.202537
0.205370
0.208460
0.211293
0.214254
0.217216
0.220177
0.223010
0.225971
0.228804
0.231637
0.234727
0.237688
0.240650
0.243611
0.246315
0.249405
0.252495
0.255328
0.258161
0.261251
0.264084
0.267045
0.269878
0.272839
0.275930
0.278762
0.281724
0.284685
0.287518
0.290608
0.293441
0.296402
0.299364
0.302196
0.305029
0.308119
0.310952
0.313913
0.317004
0.319707
0.322798
0.325630
0.328592
0.331553
0.334515
0.337219
0.340180
0.343142
0.346232
0.349193
0.351897
0.354987
0.358078
0.360781
0.363872
0.366704
0.369666
0.372627
0.375460
0.378421
0.381254
0.384473
0.387177
0.390267
0.393100
0.396061
0.399023
0.401984
0.404688
0.407650
0.410740
0.413572
0.416405
0.419495
0.422457
0.425418
0.428251
0.431212
0.434174
0.437135
0.440097
0.442929
0.446020
0.448724
0.451685
0.454646
0.457479
0.460441
0.463402
0.466363
0.469325
0.472158
0.474990
0.477952
0.480784
0.483746
0.486707
0.489540
0.492501
0.495720
0.498682
0.501386
0.504476
0.507437
0.510399
0.513103
0.516064
0.519026
0.521987
0.524820
0.527781
0.530872
0.533833
0.536666
0.539756
0.542589
0.545550
0.548383
0.551344
0.554177
0.557138
0.560100
0.562804
0.565765
0.568726
0.571817
0.574907
0.577740
0.580701
0.583534
0.586495
0.589328
0.592289
0.595251
0.598212
0.600916
0.604006
0.607097
0.610058
0.613019
0.615852
0.618814
0.621646
0.624608
0.627569
0.630402
0.633106
0.636067
0.639029
0.641990
0.645080
0.647913
0.650874
0.653836
0.656797
0.659630
0.662463
0.665553
0.668514
0.671476
0.674309
0.677012
0.680360
0.683193
0.686154
0.689116
0.692077
0.694910
0.697871
0.700833
0.703665
0.706627
0.709460
0.712292
0.715254
0.718473
0.721434
0.724138
0.727100
0.730061
0.733022
0.736113
0.738945
0.741907
0.744868
0.747572
0.750405
0.753624
0.756714
0.759675
0.762379
0.765341
0.768174
0.771135
0.774096
0.777058
0.779891
0.782852
0.785685
0.788646
0.791608
0.794698
0.797530
0.800492
0.803453
0.806415
0.809247
0.812209
0.815170
0.818003
0.820836
0.823797
0.826759
0.829978
0.832810
0.835772
0.838604
0.841566
0.844399
0.847489
0.850321
0.853283
0.856244
0.859206
0.861781
0.865129
0.868090
0.871052
0.873884
0.876846
0.879678
0.882769
0.885730
0.888434
0.891395
0.894357
0.894743
0.894872
0.895258
0.895258
0.895258
0.895129
0.895129
0.895129
0.895258
0.895001
0.895129
0.895001
0.895001
0.895001
0.895129
0.895258
0.895258
0.895258
0.895129
0.895129
0.895001
0.895129
0.895129
0.895001
0.895001
0.895001
0.894872
0.895258
0.895258
0.895129
0.895258
0.895129
0.895129
0.895258
0.895129
0.895129
0.895129
0.895129
0.895001
0.894872
0.895129
0.895258
0.895129
0.895129
0.895129
0.895129
0.895129
0.895001
0.895001
0.895129
0.895001
0.894872
0.895001
0.895129
0.895129
0.895129
0.895129
0.895129
0.895001
0.895129
0.895001
0.895001
0.895001
0.894872
0.895001
0.895129
0.895129
0.895258
0.895258
0.895129
0.895129
0.895001
0.895001
0.895001
0.895129
0.895001
0.894872
0.895001
0.895129
0.895001
0.895001
0.895129
0.895129
0.895129
0.895129
0.895001
0.895001
0.895001
0.895001
0.894743
0.895129
0.895258
0.895129
0.895001
0.895129
0.895258
0.895129
0.895129
0.895001
0.895001
0.895129
0.894872
0.894872
0.895129
0.895258
0.895258
0.895129
0.895129
0.895129
0.895258
0.895001
0.895001
0.895001
0.895001
0.894872
0.895129
0.895258
0.895001
0.895129
0.895129
0.895001
0.895129
0.895129
0.895129
0.895001
0.895001
0.895001
0.894743
0.895258
0.895001
0.895001
0.895129
0.895258
0.895001
0.895001
0.895129
0.895001
0.895001
0.895129
0.894872
0.894743
0.895258
0.895258
0.895001
0.895129
0.895001
0.895001
0.895001
0.895001
0.895001
0.895001
0.895001
0.894743
0.894872
0.895129
0.895258
0.895129
0.895129
0.895129
0.895258
0.895129
0.895001
0.895001
0.895001
0.895001
0.894614
0.895129
0.895129
0.895129
0.895129
0.895001
0.895001
0.895001
0.895129
0.895129
0.895001
0.895001
0.895001
0.895001
0.895258
0.895129
0.895258
0.895001
0.895258
0.895129
0.895001
0.895129
0.895129
0.895129
0.895129
0.894872
0.895001
0.895129
0.895258
0.895129
0.895129
0.895258
0.895001
0.895129
0.895129
0.895129
0.895001
0.895001
0.894743
0.895129
0.895258
0.895129
0.895129
0.895001
0.895129
0.895129
0.895129
0.895001
0.895001
0.895001
0.895001
0.895001
0.895129
0.895129
0.895258
0.895258
0.895258
0.895129
0.895129
0.895129
0.894872
0.895001
0.895001
0.894872
0.895129
0.895258
0.895129
0.895129
0.895129
0.895129
0.895001
0.895129
0.895129
0.895129
0.895001
0.894872
0.894872
0.895129
0.864742
0.030129
0.005150
0.002318
0.001159
0.000901
0.000773
0.000773
0.000644
0.000644
0.000515
0.000386
0.000515
0.000515
0.000515
0.000515
0.000515
0.000515
0.000515
0.000515
0.000386
0.000515
0.000386
0.000386
0.000515
0.000386
0.000386
0.000386
0.000258
0.000386
0.000386
0.000386
0.000386
0.000386
0.000258
0.000386
0.000386
0.000386
0.000386
0.000258
0.000386
0.000386
0.000386
0.000386
0.000515
0.000258
0.000386
0.000386
0.000386
0.000515
0.000386
0.000258
0.000386
0.000515
0.000386
0.000515
0.000258
0.000386
0.000386
0.000386
0.000386
0.000386
0.000386
0.000386
0.000386
0.000386
0.000386
0.000515
0.000386
0.000386
0.000258
0.000386
0.000386
0.000386
0.000386
0.000386
0.000386
0.000386
0.000386
0.000386
0.000258
0.000515
0.000386
0.000258
0.000386
0.000386
0.000258
0.000386
0.000258
0.000515
0.000386
0.000386
0.000386
0.000386
0.000386
0.000515
0.000258
0.000386
0.000386
0.000386
0.000386
0.000386
0.000386
0.000386
0.000515
0.000386
0.000386
0.000386
0.000515
0.000386
0.000258
0.000386
0.000258
0.000386
0.000386
0.000386
0.000515
0.000386
0.000386
0.000515
0.000386
0.000386
0.000515
0.000386
0.000386
0.000386
0.000386
0.000386
0.000386
0.000386
0.000386
0.000515
0.000386
0.000386
0.000386
0.000258
0.000515
0.000386
0.000386
0.000515
0.000386
0.000386
0.000386
0.000258
0.000386
0.000258
0.000386
0.000515
0.000386
0.000386
0.000386
0.000258
0.000386
0.000386
0.000515
0.000515
0.000386
0.000386
0.000386
0.000386
0.000515
0.000386
0.000515
0.000386
0.000386
0.000386
0.000386
0.000258
0.000386
0.000258
0.000258
0.000515
0.000386
0.000515
0.000386
0.000258
0.000386
0.000386
0.000515
0.000386
0.000386
0.000515
0.000386
0.000386
0.000386
0.000386
0.000386
0.000386
0.000386
0.000258
0.000386
0.000258
0.000386
0.000386
0.000386
0.000515
0.000386
0.000258
0.000386
0.000515
0.000386
0.000386
0.000258
0.000386
0.000386
0.000386
0.000386
0.000386
0.000386
0.000386
0.000386
0.000386
0.000386
0.000386
0.000386
0.000386
0.000258
0.000386
0.000515
0.000258
0.000386
0.000386
0.000515
0.000386
0.000386
0.000386
0.000386
0.000386
0.000386
0.000515
0.000386
0.000386
0.000386
0.000258
0.000386
0.000386
0.000386
0.000386
0.000258
0.000258
0.000386
0.000386
0.000386
0.000258
0.000386
0.000386
0.000386
0.000386
0.000386
0.000386
0.000386
0.000386
0.000386
0.000386
0.000515
0.000386
0.000515
0.000386
0.000386
0.000386
0.000386
0.000386
0.000386
0.000386
0.000386
0.000258
0.000515
0.000386
0.000258
0.000386
0.000386
0.000386
0.000386
0.000515
0.000386
0.000386
0.000386
0.000258
0.000386
0.000258
0.000386
0.000386
0.000515
0.000386
0.000386
0.000258
0.000515
0.000386
0.000386
0.000258
0.000386
0.000386
0.000386
0.000386
0.000515
0.000386
0.000515
0.000386
0.000386
0.000386
0.000386
0.000386
0.000515
0.000386
0.000386
0.000386
0.000386
0.000386
0.000515
0.000386
0.000515
0.000386
0.000386
0.000515
0.000386
0.000386
0.000386
0.000258
0.000386
0.000515
0.000386
0.000258
0.000386
0.000386
0.000386
0.000258
0.000386
0.000386
0.000386
0.000386
0.000386
0.000386
0.000515
0.000515
0.000386
0.000386
0.000386
0.000386
0.000386
0.000258
0.000386
0.000258
0.000386
0.000386
0.000386
0.000515
0.000386
0.000258
0.000386
0.000515
0.000386
0.000386
0.000258
0.000386
0.000515
0.000386
0.000386
0.000515
0.000386
0.000386
0.000386
0.000386
0.000386
0.000386
0.000386
0.000386
0.000258
-0.851094
-0.886374
-0.885730
-0.883541
-0.880966
-0.878005
-0.875043
-0.872210
-0.869378
-0.866416
-0.863197
-0.860493
-0.857661
-0.854828
-0.851738
-0.848905
-0.845944
-0.842982
-0.840150
-0.837059
-0.834227
-0.831394
-0.828175
-0.825214
-0.822510
-0.819548
-0.816587
-0.813754
-0.810793
-0.807831
-0.804998
-0.802166
-0.799204
-0.796114
-0.793153
-0.790191
-0.787230
-0.784397
-0.781436
-0.778603
-0.775642
-0.772680
-0.769590
-0.766757
-0.763667
-0.760834
-0.757873
-0.755040
-0.752079
-0.749246
-0.746413
-0.743323
-0.740362
-0.737529
-0.734696
-0.731735
-0.728645
-0.725683
-0.722979
-0.720018
-0.716928
-0.713837
-0.711262
-0.708430
-0.705339
-0.702378
-0.699288
-0.696326
-0.693622
-0.690661
-0.687571
-0.684609
-0.681777
-0.678815
-0.675725
-0.673021
-0.670188
-0.667227
-0.664137
-0.661175
-0.658342
-0.655510
-0.652548
-0.649587
-0.646625
-0.643793
-0.640574
-0.637870
-0.634908
-0.632076
-0.629114
-0.626153
-0.623063
-0.620101
-0.617140
-0.614436
-0.611474
-0.608384
-0.605423
-0.602461
-0.599757
-0.596796
-0.593706
-0.591002
-0.587912
-0.584950
-0.581989
-0.579156
-0.576323
-0.573362
-0.570400
-0.567310
-0.564349
-0.561774
-0.558812
-0.555851
-0.552889
-0.549928
-0.546838
-0.544005
-0.541043
-0.538211
-0.535121
-0.532288
-0.529069
-0.526365
-0.523532
-0.520571
-0.517609
-0.514648
-0.511686
-0.508725
-0.505892
-0.502802
-0.499969
-0.497137
-0.494175
-0.491214
-0.488252
-0.485548
-0.482458
-0.479626
-0.476535
-0.473703
-0.470741
-0.467780
-0.464818
-0.461857
-0.459024
